obsi,pulse_id,0
58409,2798,58409.356497281595
58409,2857,58409.364395620105
58409,3995-1,58409.370809745145
58409,3995,58409.37080990139
58409,57,58409.376554512215
58432,5095,58432.264608184654
58432,7732,58432.264733873715
58432,8343,58432.2650200047
58432,7500,58432.265249314696
58432,7963,58432.26527846947
58432,8082,58432.26592835691
58432,8082-1,58432.265928584085
58432,3376,58432.266185927736
58432,6782,58432.26646858452
58432,6782,58432.26646875935
58432,8346,58432.26656238432
58432,8713,58432.2665784228
58432,8085,58432.26699961406
58432,7006,58432.26720515546
58432,3832-1,58432.26745626928
58432,3832,58432.26745652026
58432,8218,58432.2675184646
58432,8595,58432.26764089176
58432,8595-1,58432.267641137885
58432,8352,58432.26803501074
58432,8352-1,58432.26803515346
58432,8352-1,58432.26803525792
58432,7627,58432.2680988358
58432,7970,58432.26842122938
58432,8353,58432.26876041468
58432,9,58432.268790005626
58432,8475-1,58432.26886629509
58432,8475,58432.26886654615
58432,7974,58432.26958704147
58432,7853,58432.26960199806
58432,7975,58432.269785856566
58432,7304,58432.27000090207
58432,7305,58432.270222872256
58432,6475,58432.27022332742
58432,8224,58432.27043662407
58432,7206,58432.270449736505
58432,8095,58432.27047785008
58432,14,58432.27063902294
58432,8356,58432.270684478295
58432,5208,58432.271437961834
58432,8605,58432.27143950541
58432,8360,58432.27202235804
58432,3711,58432.27313651681
58432,8104,58432.27354434884
58432,7312,58432.27367794632
58432,7868,58432.27457795726
58432,6367,58432.27483768349
58432,8611,58432.274920770586
58432,7642,58432.27492131141
58432,8108,58432.2749745179
58432,8109,58432.27500062718
58432,8109-1,58432.27500082924
58432,6801,58432.27504541987
58432,6599,58432.275204300364
58432,51,58432.275333048136
58432,5849,58432.27576715282
58432,7411,58432.27627516291
58432,6077,58432.27641708034
58432,8497,58432.27720781471
58432,8371,58432.27788527046
58432,5745,58432.278765670555
58432,7875,58432.278991726904
58432,8738,58432.27912581171
58432,4419,58432.27920534015
58432,5857,58432.27940134026
58432,6920,58432.27995497221
58432,8503,58432.28000647383
58432,8241,58432.2801526913
58432,8242,58432.280247494535
58432,6922,58432.28037613334
58432,8246,58432.2812930732
58432,5331,58432.28185005533
58432,8511,58432.28255062445
58432,7331,58432.282561730244
58432,6819,58432.28264388757
58432,7536,58432.28351811882
58432,8383,58432.283691953045
58432,7537,58432.283963384376
58432,8515,58432.284202904026
58432,8516,58432.284216077154
58432,6616,58432.28429360232
58432,7134,58432.28445931196
58432,7137,58432.28525748277
58432,7137,58432.285257582815
58432,8128,58432.285420831904
58432,8519,58432.28553969937
58432,5761,58432.28557333209
58432,7335,58432.28572867544
58432,4102,58432.287111440106
58432,9438-1,58432.28750562773
58432,9438,58432.287505946944
58432,8392,58432.28852320383
58432,8392,58432.288523303316
58432,8527,58432.28855503053
58432,8527,58432.288555149265
58432,5035,58432.28868779936
58432,7769,58432.28890617369
58432,8394,58432.28910428045
58432,5560,58432.28986462017
58432,5560,58432.28986466121
58432,5560,58432.28986477698
58432,75,58432.28986531606
58432,7900,58432.289952631894
58432,8138,58432.29013506746
58432,8642,58432.29028073567
58432,6727,58432.29128975372
58432,6399,58432.29132318058
58432,8530,58432.29132597605
58432,6097,58432.29132663137
58432,8019,58432.29238911281
58432,7345,58432.2926050893
58432,7156,58432.292807260856
58432,7779,58432.292827031626
58432,8647,58432.29297717437
58432,8147,58432.29343597742
58432,7905,58432.29349304355
58432,8535,58432.29426938609
58432,7055,58432.294344980575
58432,6530,58432.29440072934
58432,8414,58432.29446760264
58432,8416,58432.294861598966
58432,85,58432.29530731673
58432,4935,58432.29574508212
58432,8029,58432.29693828866
58432,8424,58432.297185352065
58432,8287,58432.29735900013
58432,6858,58432.297457462264
58432,8156,58432.297773763705
58432,6860,58432.297774406856
58432,7795,58432.29887138006
58432,2121,58432.29950619375
58432,2121-1,58432.2995063586
58432,7451,58432.29950681361
58432,4554,58432.29960335413
58432,4554-1,58432.299603690255
58432,8165,58432.30015384313
58432,7575,58432.30053816808
58432,7802,58432.30084996038
58432,8780,58432.30098892121
58432,4741,58432.30151295849
58432,8664,58432.30167381855
58432,7918,58432.30244509681
58432,8296,58432.30271212629
58432,8786,58432.30282202598
58432,8037,58432.30316205116
58432,6308,58432.303426950646
58432,7920,58432.30380794181
58432,6426,58432.30385204343
58432,8172,58432.30410510713
58432,7921,58432.30410952311
58432,7259,58432.304185344736
58432,7259,58432.304185393616
58432,8555,58432.304242580874
58432,6656,58432.30459719942
58432,8173,58432.30459794877
58432,7926,58432.3057584418
58432,7470,58432.306075883076
58432,8437,58432.30661284082
58432,6311,58432.30688797322
58432,7815,58432.30711884771
58432,7590-1,58432.30732786843
58432,7590,58432.30732839398
58432,112-1,58432.30738202397
58432,112-1,58432.30738210147
58432,112,58432.3073823645
58432,9923,58432.3078561057
58432,9923-1,58432.30785642907
58432,7173,58432.308201826694
58432,8809,58432.30830315546
58432,7932,58432.3084610406
58432,8563,58432.308758916166
58432,7596,58432.30944622432
58432,8810,58432.30944821587
58432,8566,58432.309860478184
58432,8566,58432.30986062988
58432,8445,58432.310162020854
58432,6669,58432.311296962886
58432,9159,58432.311485518025
58432,8684,58432.31192605864
58432,6146,58432.31217212788
58432,7826,58432.31227985558
58432,6148,58432.313323926566
58432,8325,58432.313332368125
58432,124-1,58432.31360120472
58432,124,58432.31360125603
58432,6886,58432.31369381455
58432,6442,58432.31427121188
58432,7713,58432.314510924625
58432,8198,58432.314644454775
58432,8198,58432.3146445203
58432,8198,58432.314644604725
58432,9063,58432.3155561313
58432,8577,58432.31575853493
58432,8953,58432.316130039515
58432,6241,58432.31613233033
58432,4770-1,58432.316710747415
58432,4770,58432.31671095027
58432,8956,58432.31720081398
58432,8699,58432.31736303708
58432,7488,58432.318188382575
58432,7288,58432.31826087508
58432,7615-1,58432.31826166026
58432,7615-2,58432.31826179885
58432,7615,58432.31826192099
58432,7616,58432.31886710948
58432,7491,58432.31889669289
58432,7289,58432.31893469994
58432,8583,58432.31919400665
58432,8207,58432.3194379387
58432,8585,58432.320004452195
58432,8209,58432.32011106254
58432,8587,58432.320116309915
58432,7494,58432.32030552099
58432,3485,58432.320426272454
58432,8461,58432.320640241815
58435,5527,58435.27937494906
58435,5625,58435.27942133417
58435,4651,58435.2795731706
58435,5214,58435.279596854365
58435,5957,58435.27965962684
58435,5957-1,58435.27965982837
58435,5957-1,58435.27965994187
58435,5528,58435.27972781564
58435,2612,58435.27977873303
58435,4973,58435.27996113597
58435,3800,58435.2800584626
58435,5627,58435.28012047065
58435,5368,58435.28014571048
58435,4029-1,58435.28027252857
58435,4029,58435.28027290264
58435,4974,58435.280560271494
58435,5781,58435.28070445512
58435,5458,58435.28077768992
58435,4033,58435.2809409922
58435,4525,58435.28099652289
58435,4103,58435.281263746954
58435,5536,58435.28154793118
58435,5536-1,58435.28154813989
58435,5217,58435.28177940397
58435,8,58435.281876563815
58435,5633,58435.28202475885
58435,5634,58435.2825416827
58435,6176,58435.282579428706
58435,2315,58435.282635664786
58435,2541,58435.282788104094
58435,4900,58435.282795005885
58435,5713,58435.282938421195
58435,4268,58435.28304187849
58435,4268,58435.28304206457
58435,3958,58435.28304242486
58435,5066,58435.283529462475
58435,5222,58435.28386941959
58435,5461,58435.28410758438
58435,5461,58435.28410770108
58435,5547,58435.28438880003
58435,3678,58435.284557523744
58435,4979,58435.28481754864
58435,5225,58435.28498488122
58435,2770,58435.28526566115
58435,6032,58435.28538087319
58435,4191,58435.285550957626
58435,6183,58435.28558228847
58435,3681,58435.285582546116
58435,4838,58435.285609999715
58435,5464,58435.285681989415
58435,1415,58435.28591765488
58435,5466,58435.28592100008
58435,5156,58435.28592139274
58435,4409,58435.28607585252
58435,4841,58435.28671971367
58435,3739,58435.2870436574
58435,5556,58435.28739193716
58435,5384,58435.28742550887
58435,5468,58435.28742789743
58435,5079,58435.28757023728
58435,5469,58435.28762964901
58435,4116,58435.287713771715
58435,5725,58435.28772691917
58435,4411,58435.28774511387
58435,4987,58435.288270094614
58435,5726,58435.28831272133
58435,2830,58435.288538397384
58435,5728,58435.288730852226
58435,4479,58435.289013920454
58435,5475,58435.289066040335
58435,5396,58435.28954319241
58435,3411-1,58435.289727372954
58435,3411,58435.28972772288
58435,3411,58435.2897278171
58435,3411,58435.28972783431
58435,3411-2,58435.289728279655
58435,4668,58435.28975159605
58435,4416,58435.289765380454
58435,5476,58435.289781280706
58435,5476-1,58435.28978158677
58435,5735,58435.289959279304
58435,4792,58435.290020668144
58435,3821,58435.29012341727
58435,3747,58435.29041283072
58435,3207,58435.29075139946
58435,4996,58435.291305708575
58435,4996-1,58435.29130600362
58435,4670,58435.291437276814
58435,4671,58435.29159005213
58435,3539,58435.29159613359
58435,5741,58435.292221931864
58435,5319,58435.29284867114
58435,5661,58435.292862436145
58435,5981,58435.29293063267
58435,5407,58435.29294956476
58435,5407-1,58435.292949910036
58435,5481,58435.29314710523
58435,4606-1,58435.29377084187
58435,4606,58435.29377160671
58435,6701-1,58435.29398830392
58435,6701,58435.29398887197
58435,4800,58435.29453409107
58435,5410,58435.29460184446
58435,36-1,58435.294917628285
58435,36,58435.29491779422
58435,5012,58435.29517881301
58435,5012,58435.29517882051
58435,5900,58435.295254225224
58435,5902,58435.29558263121
58435,5902,58435.295582703715
58435,5484,58435.29572805107
58435,4493,58435.295813856865
58435,5178,58435.29615470507
58435,5417,58435.296469677145
58435,5578,58435.29665258081
58435,5579,58435.296696161655
58435,4803,58435.29679885658
58435,5015,58435.2968849871
58435,5752,58435.29694202616
58435,5489,58435.29701285227
58435,5419,58435.297356673625
58435,4678,58435.29804279378
58435,3833,58435.29864628023
58435,6061,58435.29882673171
58435,3626,58435.298993250384
58435,6063,58435.29903265803
58435,2486,58435.29905869865
58435,5424,58435.299271356096
58435,4935,58435.29943817815
58435,5919,58435.29966956953
58435,4296,58435.30016193418
58435,5024,58435.30018030581
58435,5757,58435.3002178997
58435,5679,58435.30047190931
58435,2948,58435.30103336974
58435,4687,58435.301151951484
58435,5588,58435.301170308965
58435,5337,58435.30133770491
58435,5684,58435.301545022325
58435,4505,58435.30191299381
58435,6436,58435.302560540134
58435,5434,58435.30316898782
58435,5345,58435.30323397822
58435,4568,58435.303382131286
58435,5592,58435.30345190736
58435,4308,58435.30360601117
58435,5763,58435.3039370487
58435,5107,58435.304030908475
58435,5831,58435.304248002576
58435,1651,58435.30432125183
58435,5927,58435.30480760856
58435,5927-1,58435.30480807013
58435,5197,58435.30577078498
58435,5596,58435.30622758738
58435,60,58435.30627258096
58435,5934,58435.306342374744
58435,5934,58435.306342572745
58435,5040,58435.30634295271
58435,4312,58435.30637196617
58435,5597,58435.30648886805
58435,5508,58435.30654906022
58435,5764,58435.30659660054
58435,5764,58435.30659679025
58435,4375,58435.306749322954
58435,4959,58435.306921029405
58435,3504,58435.307046154114
58435,3504-1,58435.30704646462
58435,3504-1,58435.30704658583
58435,5600,58435.307115108706
58435,3849,58435.30727006818
58435,5509,58435.307513521286
58435,4876,58435.307637458915
58435,4876-1,58435.30763780731
58435,5198,58435.307727817926
58435,5198-1,58435.30772807349
58435,4380,58435.30778431522
58435,4383,58435.308479208456
58435,5200,58435.30850522994
58435,5699,58435.308592198584
58435,5118,58435.30973382303
58435,4515,58435.31011030167
58435,4764,58435.31040649283
58435,3651,58435.31085652541
58435,5846,58435.31133726431
58435,1045,58435.312136094566
58435,5948,58435.31213648335
58435,4884,58435.312230946794
58435,4829,58435.31248286995
58435,5126,58435.31270333605
58435,5131,58435.31311630857
58439,9870,58439.24272340686
58439,11210,58439.24273254018
58439,10676,58439.243013660955
58439,4243,58439.24312679246
58439,9740,58439.24337257644
58439,8563,58439.24367194446
58439,8191,58439.24373079369
58439,9480,58439.24376750727
58439,9877,58439.244572619915
58439,9877,58439.24457280384
58439,10169,58439.2445765034
58439,3300,58439.2447497367
58439,11218,58439.244857885766
58439,7698,58439.24486255038
58439,8961,58439.24486307647
58439,9482,58439.244965046506
58439,8193,58439.24531251271
58439,8836,58439.24548912588
58439,8840,58439.24600801766
58439,9096,58439.24605426196
58439,10436,58439.24663218603
58439,7341,58439.24675567981
58439,10308,58439.24681670283
58439,7827,58439.24697294837
58439,6628,58439.24700234396
58439,10173,58439.24799986781
58439,7005,58439.2480015101
58439,7705,58439.24864566162
58439,10310,58439.24901564956
58439,9751,58439.24907260998
58439,8971,58439.249072986255
58439,9894,58439.24913916342
58439,9369,58439.24929856377
58439,8576,58439.249640574024
58439,9370,58439.24967377842
58439,7707,58439.249761070634
58439,39,58439.24985353566
58439,9493,58439.24993668315
58439,7473,58439.25014512526
58439,42,58439.25029313136
58439,10051,58439.251056948866
58439,9228,58439.2511133442
58439,7249,58439.25137112806
58439,8069,58439.25178997887
58439,9496,58439.25190887029
58439,7013,58439.25190918719
58439,7013,58439.2519093148
58439,7013-2,58439.25190989823
58439,10319,58439.251978352164
58439,9108,58439.252099000616
58439,9376,58439.252109295914
58439,9232,58439.2523425813
58439,7609,58439.25329268421
58439,9502,58439.253801713465
58439,6760,58439.25394021283
58439,6760,58439.25394033646
58439,9504,58439.254048723495
58439,8714,58439.25410335699
58439,8715,58439.25424310578
58439,8584,58439.254329382566
58439,8719,58439.254571924255
58439,9764,58439.254626686714
58439,9112,58439.254634211
58439,100,58439.25551888248
58439,9115,58439.255674069915
58439,10191,58439.25568319712
58439,10065,58439.25596456648
58439,7364,58439.25630682091
58439,8215,58439.25633942926
58439,9767,58439.256366830465
58439,8990,58439.25666047746
58439,8990,58439.25666064883
58439,9516,58439.25666856617
58439,8218,58439.25713817671
58439,7848,58439.257235672565
58439,8861,58439.25725145962
58439,9518,58439.25732503429
58439,9768,58439.257325974955
58439,9921,58439.257473242935
58439,1940,58439.25758331855
58439,11112,58439.25765255704
58439,6266,58439.25767231808
58439,9246,58439.25781368423
58439,8592,58439.25790524633
58439,7145,58439.25860305728
58439,8594,58439.25864464911
58439,9522,58439.25911710996
58439,6775,58439.25912106798
58439,7493,58439.25933022904
58439,9249,58439.25953327976
58439,9001,58439.25977925217
58439,8599,58439.26025546101
58439,10199,58439.260429873335
58439,105,58439.26086844161
58439,7854,58439.26093009451
58439,9392-1,58439.261175171916
58439,9392,58439.261175763364
58439,9255,58439.261236249324
58439,10988,58439.261891230584
58439,10988,58439.261891348426
58439,8604,58439.26200327597
58439,10731,58439.262836462694
58439,5267,58439.262952881734
58439,9944,58439.263469989455
58439,8606,58439.26349505044
58439,9262,58439.2636749674
58439,8740,58439.26375458614
58439,9139,58439.263863950684
58439,8741,58439.26402465803
58439,2220,58439.26445086481
58439,9533,58439.264479454636
58439,4766-1,58439.26489171106
58439,4766,58439.26489191644
58439,5388,58439.265077502496
58439,9535,58439.26611443978
58439,9268,58439.26646076507
58439,10216,58439.2666740224
58439,5647,58439.266723133034
58439,9146,58439.26699945444
58439,6165,58439.26718891722
58439,9957,58439.268443379246
58439,9275,58439.26877461193
58439,8613,58439.26913150335
58439,9963,58439.27010940715
58439,9284,58439.27032060081
58439,8247,58439.27062469467
58439,3941,58439.270632817665
58439,3941,58439.270632957436
58439,9669-1,58439.270810132664
58439,9669,58439.27081047175
58439,8620,58439.27093458236
58439,8111,58439.271008158044
58439,9156,58439.27105251707
58439,162,58439.27115229374
58439,9552,58439.27134802323
58439,8626,58439.27211878191
58439,8895,58439.27216132504
58439,4411,58439.27233420652
58439,9677,58439.27239498715
58439,177,58439.2725300761
58439,939,58439.27260136018
58439,10097,58439.27283511885
58439,9971,58439.273210266256
58439,9423,58439.27338013113
58439,10237,58439.27363339006
58439,9679,58439.27372093468
58439,9680,58439.2737266272
58439,9425,58439.274123831616
58439,7056,58439.27476795838
58439,8509,58439.27499804446
58439,9163,58439.27502746752
58439,9806,58439.27545817743
58439,9978,58439.27604101193
58439,2967,58439.27635441597
58439,8636,58439.276355429385
58439,5171,58439.27665758391
58439,9810,58439.277198893324
58439,8003,58439.27724606558
58439,9042,58439.277428474794
58439,9433,58439.27796031368
58439,11018,58439.27799922115
58439,11018,58439.2779993571
58439,8902,58439.278549631315
58439,9573,58439.27862771827
58439,10617,58439.278924033904
58439,10617,58439.278924206475
58439,8645,58439.27898517652
58439,8646,58439.279034454004
58439,9046,58439.27936509505
58439,9046,58439.2793651577
58439,8903,58439.27945576149
58439,8133,58439.2794708891
58439,5560,58439.27952539519
58439,6948,58439.2796511715
58439,10623,58439.27972731907
58439,9440,58439.27991497434
58439,8136,58439.280365027815
58439,8137,58439.28051654788
58439,9697,58439.28142427264
58439,5678,58439.282131829226
58439,10248,58439.28238415088
58439,197,58439.282713517205
58439,7191,58439.28340369264
58439,4537,58439.28371789244
58439,9309,58439.28374042478
58439,9828,58439.28409972527
58439,10131,58439.28467883512
58439,7081,58439.284778392815
58439,9057,58439.28487435667
58439,8405,58439.28500677639
58439,7897,58439.28560890471
58439,206,58439.285761558946
58439,8661,58439.28578831586
58439,8913,58439.28627801757
58439,8792,58439.286670812086
58439,8276,58439.286780174516
58439,9315,58439.28724465314
58439,9316,58439.287380057525
58439,10262,58439.287389013916
58439,9837,58439.28816483632
58439,9709,58439.288447076295
58439,9319,58439.28855941741
58439,8802,58439.28949504406
58439,10269,58439.28988927888
58439,9842,58439.290316413
58439,10145,58439.290763842364
58439,10799,58439.29076602264
58439,8285,58439.291395820794
58439,9072,58439.29145604277
58439,6211,58439.29147454073
58439,8168,58439.291845152955
58439,9594,58439.29195014251
58439,8029,58439.29215153777
58439,4438,58439.29247514014
58439,7211,58439.29300418874
58439,7800,58439.29305893969
58439,10275,58439.29310806459
58439,10021,58439.293303458566
58439,5698,58439.2936402992
58439,7445,58439.2937465184
58439,9329,58439.293807984395
58439,11562,58439.29394706256
58439,8681,58439.29527970163
58439,8178,58439.2955517524
58439,9726,58439.29707967537
58439,9205,58439.29709828127
58439,3012,58439.29728389897
58439,8431,58439.297712128675
58439,8554,58439.298426267254
58439,9604,58439.2987556716
58439,234,58439.29938339755
58439,10034,58439.300008549006
58439,6228,58439.30016283179
58439,10292,58439.30022947731
58439,8557,58439.300268992105
58439,8306,58439.300486946166
58442,4911,58442.25882961877
58442,5048,58442.26173009735
58442,4669,58442.26243924521
58442,5265,58442.26326764718
58442,4853,58442.26428856337
58442,4617,58442.26436506098
58442,5055,58442.26512106301
58442,4805,58442.26570698943
58442,4499,58442.2670108814
58442,2229,58442.267077545956
58442,4927,58442.26772670029
58442,4989,58442.26793728448
58442,4501,58442.26808173307
58442,4572,58442.268097278844
58442,4811,58442.26824421302
58442,4002,58442.26947955973
58442,4503,58442.26961054826
58442,2683,58442.26963928514
58442,2683,58442.26963931571
58442,5479,58442.26963957333
58442,4071,58442.26964029188
58442,5205,58442.27017897839
58442,5066,58442.27141326457
58442,3755,58442.27213127168
58442,3402,58442.272139032204
58442,3568,58442.27224326534
58442,5076,58442.276390559266
58442,4215,58442.27655490359
58442,4938,58442.2766410454
58442,5146,58442.27751407176
58442,5146,58442.27751414617
58442,112,58442.27800083221
58442,4397,58442.27865641241
58442,4522,58442.278919090146
58442,4224,58442.28167257707
58442,4454,58442.282030713155
58442,4535,58442.28368675118
58442,5156-2,58442.28372869191
58442,5156-1,58442.28372915739
58442,5156,58442.28372942961
58442,3537,58442.28500177381
58442,4955,58442.285736450445
58442,3648,58442.28604892025
58442,5030,58442.2865976369
58442,3543,58442.287769168695
58442,5034,58442.288273242244
58442,4291,58442.29042814297
58442,4905,58442.29045330898
58442,4239,58442.29045374778
58442,4239,58442.29045384818
58442,4044,58442.29045450474
58442,76,58442.29251778565
58444,2650,58444.246195210435
58444,3893,58444.24649671545
58444,6,58444.247337549416
58444,2251,58444.24862070892
58444,2406,58444.24928892864
58444,3580,58444.25020719067
58444,2673,58444.25252057168
58444,3647,58444.25252124366
58444,3699,58444.25304675418
58444,3590,58444.253617080874
58444,143,58444.255291234454
58444,3355,58444.25578168497
58444,3312,58444.25591521344
58444,3708,58444.25676681814
58444,49,58444.25843782261
58444,3720,58444.26014089894
58444,67,58444.261110543885
58448,3351,58448.24773881487
58448,3458,58448.247989484145
58448,3078,58448.24805503959
58448,3352,58448.248650850604
58448,1875,58448.248808908626
58448,3855,58448.249023293654
58448,2898,58448.24920084841
58448,3955,58448.249416863546
58448,2756,58448.24947803288
58448,2807,58448.249478573205
58448,3715,58448.24956507244
58448,3528,58448.25098869898
58448,3992,58448.25163640469
58448,3463,58448.25167119237
58448,1238,58448.25175690176
58448,3464,58448.25186072573
58448,3588,58448.25186591108
58448,3531,58448.25212650598
58448,3310,58448.252243524235
58448,3137,58448.25242992949
58448,1595,58448.25357019266
58448,3360,58448.25415764287
58448,3726,58448.25478066155
58448,3676,58448.25489708165
58448,1785,58448.25548149092
58448,3728,58448.25558063748
58448,3963,58448.25558115268
58448,3594,58448.25604741483
58448,3369,58448.256186235325
58448,3205,58448.256385435496
58448,3425,58448.25680314812
58448,3049,58448.25705744238
58448,2417,58448.25754991498
58448,3540,58448.258047092124
58448,20,58448.259259480175
58448,3737,58448.259306245185
58448,2683,58448.25935023099
58448,1427,58448.25979057258
58448,3217,58448.260150728514
58448,3603,58448.260241993616
58448,3055,58448.260354118305
58448,3645,58448.26040760343
58448,3789,58448.260409298724
58448,1799,58448.26066382105
58448,3435,58448.26130540952
58448,3693,58448.261414659115
58448,3790,58448.26171587565
58448,3879,58448.26175228019
58448,3439,58448.26196084199
58448,3107,58448.264400170265
58448,3610,58448.26562063759
58448,3178,58448.26565963786
58448,3889,58448.266670886034
58448,3182,58448.266981210705
58448,2654,58448.26890422334
58448,3503,58448.269042967564
58448,3572,58448.26921337092
58448,2396,58448.26929122239
58448,3809,58448.26960248492
58448,4117,58448.26991487498
58448,3400,58448.27014125715
58448,3708,58448.270516839424
58448,3117,58448.27056804239
58448,3349,58448.27099558222
58448,2750,58448.271016772575
58448,3576,58448.27121407578
58448,2800,58448.27132529576
58450,4265,58450.23851155415
58450,4449,58450.23865976128
58450,4266,58450.2387206083
58450,4391,58450.23886095922
58450,5046,58450.239721767924
58450,4195,58450.239800452415
58450,3,58450.239877848355
58450,4122,58450.24026440914
58450,3406,58450.240390537176
58450,3506,58450.24041044407
58450,4777,58450.24086101756
58450,4454,58450.24116740775
58450,4399,58450.24125558809
58450,3918,58450.241813149165
58450,2875,58450.24211255984
58450,4715,58450.2422346397
58450,5106,58450.242241756605
58450,3228,58450.24231541994
58450,3862,58450.24233465825
58450,4717,58450.24274859274
58450,986,58450.24330391383
58450,4456,58450.243305936914
58450,2058,58450.24356116892
58450,3464,58450.24363811122
58450,4722,58450.24448394221
58450,4081,58450.24457569668
58450,3745,58450.2445762894
58450,3701,58450.24479793068
58450,4133,58450.24494784034
58450,4726,58450.24523834722
58450,4729,58450.24568834119
58450,4530,58450.246126309525
58450,275,58450.24638072205
58450,3928,58450.24645341579
58450,4859,58450.24645428059
58450,4658,58450.24749390826
58450,4658-1,58450.24749431855
58450,4929,58450.248008371585
58450,2655,58450.24800882088
58450,4465,58450.24817005003
58450,3751,58450.24839963926
58450,4535,58450.24841729826
58450,4140,58450.24931582631
58450,20,58450.24967471736
58450,4412,58450.24971567814
58450,3986,58450.249918484806
58450,3986,58450.24991871766
58450,5485,58450.25035625937
58450,3301,58450.25042248262
58450,4663,58450.251095859385
58450,4221,58450.25121538622
58450,4736,58450.25131052079
58450,3989,58450.251933733605
58450,4540,58450.25308509592
58450,3882,58450.25358280825
58450,3883,58450.25359237483
58450,4874,58450.25382240042
58450,4541,58450.25404362097
58450,4152,58450.2542341203
58450,2081,58450.254957341625
58450,4744,58450.25495793118
58450,4420,58450.25503928077
58450,4669,58450.25526406215
58450,4156,58450.25559519602
58450,4302,58450.256498687486
58450,3189,58450.256896781495
58450,3653,58450.25703253129
58450,4543,58450.25760312454
58450,3017,58450.25837491532
58450,4822,58450.25899831738
58450,3538,58450.25921196666
58450,4753,58450.25932325534
58450,4102,58450.25948207497
58450,4370,58450.25972214614
58450,2154,58450.25999760596
58450,4620,58450.26004193479
58450,4685,58450.26051051461
58450,1684,58450.26157563174
58450,3723,58450.26202780229
58450,4760,58450.263352134054
58450,3949,58450.263554368306
58450,2400,58450.26400018165
58450,4892,58450.265112266985
58450,4108,58450.26546194635
58450,4767,58450.26556506729
58450,4769,58450.266661926355
58450,4699,58450.2668083072
58450,4505,58450.266845684244
58450,4013,58450.26702932142
58450,3678,58450.26707057705
58450,4015,58450.26736741169
58450,4832,58450.26757650826
58450,4017,58450.268262524085
58450,1995,58450.26860453455
58450,4635,58450.2688660473
58450,71,58450.269010368334
58450,4257,58450.26969610177
58450,4328,58450.269750511434
58450,2871,58450.270541368554
58450,4329,58450.2706621703
58450,4514,58450.270740794906
58450,4567,58450.2708298775
